%% Running 1
Aircarft_in_sector =	[42	43	42	41	42	42	41	41	40	41	42	42	41	41	40	38	37	37	36	39	39	39	39	39	40	39	39	39	38	38	38	38	39	39	38	39	38	37	39	39	39	39	39	39	38	37	38	37	38	37	38	38	37	36	37	37	36	36	35	34	33	33	33	33	33	33	33	33	33	33	33	33	33	33	33	33	35	35	35	36	37	37	37	36	36	36	36	37	37	37	37	37	36	37	38	39	40	39	39	39	39	39	39	39	39	38	38	38	38	39	39	38	39	39	38	40	40	40	40	40	40	40	41	41	41	40	40	40	40	40	41	43	43	44	44	44	45	44	44	44	44	44	44	44	43	42	44	43	44	44	43	43	44	44	43	44	43	45	45	45	46	45	46	46	45	45	45	45	45	45	45	45	43	44	44	42	42	41	42	42	41	41	41	41	42	42	42	39	43	42	42	41	40	41	42	42	41	41	41	41	41	41	41	41	41	41	41	41	40	40	40	40	40	40	40	41	41	41	40	40	39	39	39	40	40	40	40	40	41	40	40	40	40	40	40	41	42	42	43	42	41	44	44	42	43	43	42	43	43	43	43	43	45	46	46	47	47	47	48	48	48	48	48	48	48	48	48	47	47	47	46	46	46	46	47	47	47	47	47	48	48	48	48	48	48	48	48	48	48	48	48	48	48	48	47	47	47	47	47	47	47	46	47	46	47	46	46	46	47	47	47	47	47	47	47	47	47	47	47	48	48	48	47	48	49	49	49	49	48	48	48	45	51	50	50	49	49	49	49	49	48	48	48	48	48	48	48	48	48	47	47	47	46	47	47	47	45	45	44	44	44	44	44	45	45	46	45	45	44	43	43	43	43	42	42	41	41	42	44	44	43	44	44	44	44	44	44	44	43	42	42	42	42	42	40	41	42	42	42	42	41	42	42	42	42	41	42	42	42	41	41	41	41	41	42	42	42	40	41	42	42	42	42	42	42	42	42	42	42	43	43	43	43	43	43	42	44	44	44	44	44	42	43	42	42	42	42	42	41	42	41	42	39	41	41	41	41	41	41	41	41	41	41	41	41	41	41	41	41	40	41	41	42	42	42	42	42	43	43	43	43	43	43	42	42	42	42	43	43	43	43	43	43	42	42	42	42	42	42	42	42	42	42	42	42	42	42	42	43	43	42	42	43	42	43	43	42	43	44	44	44	44	44	44	44	43	44	44	44	44	44	44	45	45	44	44	44	45	45	46	46	47	47	47	48	49	48	49	49	49	49	49	49	48	48	50	50	51	51	51	51	50	51	51	50	50	50	50	51	51	51	51	49	50	48	49	49	49	50	50	52	53	53	53	53	53	52	53	53	53	51	52	51	52	52	51	50	51	51	50	51	51	49	49	50	50	50	50	50	50	50	51	51	51	51	50	50	49	49	50	50	51	51	50	51	52	51	52	52	52	52	52	52	51	53	54	54	53	53	53	54	53	54	54	55	55	56	56	56	55	55	54	55	55	55	56	54	54	54	53	51	52	53	53	53	53	53	53	53	52	52	53	53	53	53	53	53	53	53	52	53	53	52	53	53	53	53	53	53	53	53	53	53	53	53	54	54	54	54	53	53	53	52	52	52	52	52	51	51	51	50	51	52	50	51	51	51	51	51	50	49	49	49	50	50	50	50	51	50	50	51	50	50	50	50	50	50	50	50	50	50	50	49	51	50	50	48	47	46	46	46	47	47	47	47	46	46	46	46	46	44	44	44	45	45	44	44	44	44	44	44	44	44	44	44	44	44	45	46	45	47	47	47	47	47	46	46	46	47	47	48	48	48	48	47	48	48	48	48	48	48	48	48	47	46	45	45	45	45	45	45	46	47	47	48	48	48	48	48	47	47	47	47	47	48	49	49	49	50	50	50	51	51	52	52	51	52	52	52	52	51	50	52	52	53	52	54	54	54	54	54	53	54	55	55	55	55	57	57	56	57	58	56	56	57	56	57	57	57	57	58	58	58	58	58	57	57	57	56	58	58	58	58	58	57	57	55	58	56	57	58	59	59	59	59	59	59	59	58	58	57	57	58	59	58	59	59	58	61	62	63	64	63	64	64	65	65	64	64	65	65	65	65	66	65	66	65	64	64	64	64	65	64	65	65	65	65	65	65	65	65	65	65	64	64	65	64	64	65	65	66	66	65	66	67	67	66	66	67	68	68	68	68	68	66	66	66	67	68	67	68	67	66	67	66	65	64	64	64	63	63	64	64	65	64	65	66	67	66	68	68	67	65	68	67	69	70	71	71	71	70	71	71	71	69	69	70	70	70	70	69	69	68	69	69	69	70	71	71	71	71	71	71	70	69	70	70	70	71	70	71	72	72	73	73	73	72	73	73	73	73	73	73	72	73	73	73	74	73	73	73	73	73	73	73	73	73	73	72	72	72	72	72	71	70	69	70	70	70	69	68	69	69	69	67	67	67	67	67	67	68	68	68	67	67	67	67	67	67	66	66	65	65	63	61	63	63	63	63	63	62	61	61	62	61	60	60	60	60	61	61	61	62	62	63	63	62	63	63	63	63	63	64	63	65	65	65	67	67	66	66	66	65	66	65	65	65	66	65	66	65	66	66	66	66	65	65	65	66	66	65	65	64	65	65	66	67	67	67	67	67	67	67	67	66	67	67	67	67	66	65	65	65	64	64	65	65	65	65	65	64	63	63	63	63	63	62	63	62	61	60	59	61	61	59	59	59	58	57	56	57	57	57	57	57	57	58	58	58	57	57	57	58	57	58	57	57	58	58	57	57	57	57	57	57	57	56	57	57	57	57	57	58	58	58	60	60	61	61	61	61	60	60	61	61	61	61	60	59	60	61	60	60	60	61	62	62	62	62	62	62	62	62	61	62	62	62	62	63	62	64	64	64	64	66	65	65	65	64	65	65	64	65	65	67	67	67	66	67	66	67	65	68	68	67	67	67	68	69	68	69	70	69	69	70	70	70	69	70	70	70	70	69	68	69	68	68	67	67	68	68	68	68	66	67	67	66	66	66	66	66	65	66	67	66	68	68	68	67	66	67	67	66	67	68	68	68	68	68	67	68	67	67	67	68	68	68	67	67	67	66	66	64	64	64	64	65	64	64	64	64	64	64	63	64	65	66	65	66	66	66	66	64	64	64	64	63	62	62	61	61	61	60	60	60	60	62	62	62	61	63	62	62	62	62	62	62	62	62	62	62	62	62	61	62	62	62	62	62	63	63	63	63	65	65	65	65	64	64	63	64	63	66	66	67	67	67	67	68	69	69	69	68	68	68	67	67	67	67	64	66	66	66	66	66	66	65	66	66	66	66	66	66	66	67	67	67	67	66	66	66	65	66	66	66	65	66	66	66	66	65	66	66	67	67	68	68	68	68	68	69	68	68	66	66	66	66	66	66	66	66	66	65	64	65	65	65	66	65	66	66	66	67	67	68	67	67	67	67	68	68	67	67	66	66	66	66	66	66	66	66	66	66	66	65	65	65	65	65	65	66	66	66	66	66	66	66	65	65	64	63	62	63	63	63	63	62	61	63	63	65	64	64	65	65	64	64	65	64	67	68	68	69	69	69	69	70	70	70	70	69	67	67	67	67	67	65	65	66	65	65	67	67	67	68	67	67	66	65	66	66	66	66	65	66	66	67	66	67	67	67	67	66	65	65	64	64	64	65	65	65	65	66	66	66	67	67	67	66	66	66	66	66	66	66	66	65	67	66	66	67	66	67	67	68	69	68	68	68	68	68	69	69	69	68	67	68	68	68	68	68	69	69	69	70	71	71	71	71	71	73	72	74	74	74	74	74	73	73	72	73	74	74	74	74	75	75	75	75	74	75	74	76	75	76	75	75	73	72	73	73	73	72	72	69	72	71	71	73	73	73	73	72	71	72	70	71	70	72	71	69	70	69	70	71	70	70	70	71	71	72	71	72	72	72	73	73	72	72	71	72	72	73	73	73	70	70	70	68	68	68	69	68	68	67	66	67	67	65	65	66	66	67	66	66	66	66	65	66	66	66	66	65	66	65	66	66	66	66	66	64	64	64	64	64	65	65	65	65	65	64	64	64	62	63	62	60	61	61	61	61	60	60	60	60	60	61	61	61	61	61	60	60	60	59	61	59	60	60	58	59	60	60	59	60	60	61	62	61	63	63	63	64	64	64	64	65	64	65	65	65	64	66	65	63	64	65	66	64	66	66	66	67	68	68	68	68	67	68	68	69	66	67	68	68	68	69	68	69	68	69	67	67	67	68	69	69	69	68	69	69	69	69	69	68	68	68	68	67	67	68	67	67	67	67	67	67	66	66	66	66	66	66	66	66	66	65	66	67	67	68	67	67	67	67	67	66	67	68	68	69	69	70	70	69	69	70	70	70	69	70	70	69	69	71	70	70	69	69	69	68	69	69	69	69	68	70	71	71	71	71	72	71	71	71	71	70	72	72	73	73	70	70	70	70	69	71	69	69	70	69	70	70	69	69	71	72	72	72	72	72	72	73	72	72	74	74	72	72	74	74	75	74	76	76	76	75	75	75	76	75	76	77	76	77	77	77	76	76	75	76	76	75	76	75	78	78	78	80	78	78	78	80	80	80	80	80	80	81	81	80	80	79	78	77	76	76	76	76	75	76	76	76	76	76	76	76	78	79	80	79	79	79	80	81	81	80	80	80	80	80	81	81	81	82	82	82	82	81	79	82	81	80	80	80	80	79	80	78	76	77	78	78	78	79	78	78	79	79	81	81	82	82	81	79	79	80	80	80	80	80	80	79	80	82	82	82	82	81	80	80	80	80	80	82	82	83	82	83	83	82	84	85	85	85	85	84	83	84	83	83	82	82	85	86	87	86	84	86	86	85	86	86	86	87	88	88	89	88	89	90	88	89	90	89	90	89	90	92	90	89	89	91	90	91	90	88	89	89	89	88	88	88	88	88	88	90	91	92	92	93	93	94	94	93	92	93	92	94	92	93	91	92	91	91	88	89	89	89	90	91	90	90	89	89	91	90	92	92	93	92	91	92	92	91	89	91	91	91	91	93	93	94	93	92	93	92	93	92	92	92	93	91	92	92	91	91	91	89	90	89	90	90	89	86	88	88	88	88	88	88	88	87	87	86	86	86	86	86	87	87	86	84	85	85	85	85	85	84	84	84	83	83	84	82	81	81	84	84	83	83	83	83	85	85	85	85	84	85	85	85	85	87	87	85	87	84	85	86	86	87	88	87	88	87	88	88	88	87	88	84	86	86	84	86	84	86	87	87	85	87	88	87	88	88	87	89	89	90	90	88	89	89	87	89	89	89	89	89	90	90	90	92	92	91	91	93	94	92	93	91	92	92	92	94	93	94	93	93	93	93	92	93	93	92	89	88	88	88	88	88	87	87	87	88	87	90	90	89	91	91	92	93	93	95	95	94	95	94	93	95	94	95	93	95	94	95	95	96	96	96	96	96	97	98	97	97	96	95	93	95	93	93	95	95	95	95	95	95	93	93	94	93	93	93	93	94	93	91	90	89	88	89	89	88	89	89	91	91	92	91	91	89	88	89	89	89	87	91	90	91	91	90	89	89	90	90	90	90	90	89	90	90	89	90	91	91	91	91	91	90	92	90	90	90	90	90	91	90	91	90	90	90	91	89	90	90	90	90	87	88	88	88	87	86	86	87	87	87	87	87	87	86	87	87	85	86	86	84	85	86	86	87	87	87	89	88	88	87	87	88	88	89	89	90	90	91	90	91	91	89	91	92	91	92	91	91	91	91	90	92	93	93	92	93	94	93	92	93	92	91	91	91	92	92	93	91	92	91	90	91	91	91	93	93	93	93	93	93	91	91	92	90	90	91	91	91	90	91	91	90	89	89	89	88	88	88	87	87	86	87	87	87	85	85	84	84	85	85	85	87	88	88	89	88	88	87	87	89	90	91	91	91	91	91	90	90	90	88	89	89	87	88	88	89	87	87	87	88	87	87	86	86	86	86	86	85	85	86	86	86	86	85	84	85	85	85	85	85	84	85	85	82	84	